 		  -8.6561523259903286        2.2308126620263273E-033  0.77571582052343035     
 		  -7.9836998162220034        1.2494829120559741E-028  0.60038146372062939     
 		  -7.4253266258561954        5.9481747159232613E-025  0.52410280448370161     
 		  -6.9255820732775950        7.0737246502696797E-022  0.47864416589469228     
 		  -6.4633149436642539        3.2248298707326249E-019  0.44762631618297893     
 		  -6.0276294722536949        7.0674619157542496E-017  0.42480369784209721     
 		  -5.6119841218396651        8.5500874663702701E-015  0.40719255461837484     
 		  -5.2120588631620084        6.2620383158353482E-013  0.39315832950517660     
 		  -4.8248063087032582        2.9642049893157424E-011  0.38171873335281520     
 		  -4.4479690736019313        9.5182669412336978E-010  0.37224268366193353     
 		  -4.0798099079253936        2.1512839074194445E-008  0.36430384191706677     
 		  -3.7189496893415632        3.5225192415065115E-007  0.35760279065385908     
 		  -3.3642645958565400        4.2754558863972765E-006  0.35192276318363536     
 		  -3.0148178197492257        3.9183295448818711E-005  0.34710305584447693     
 		  -2.6698124652513462        2.7524242709952928E-004  0.34302234233428697     
 		  -2.3285579714531894        1.5001278829297584E-003  0.33958781935791327     
 		  -1.9904454586466385        6.4070706562040199E-003  0.33672793656737354     
 		  -1.6549291191547923        2.1617644433765671E-002  0.33438741388278032     
 		  -1.3215117856392311        5.7992746631628726E-002  0.33252376932547956     
 		 -0.98973342486571136       0.12432050192893596       0.33110487771812613     
 		 -0.65916168887413518       0.21377487850201832       0.33010725730086882     
 		 -0.32938389969666915       0.29563565196662822       0.32951489046000004     
 		   9.1835496157991212E-041  0.32931845505069157       0.32931845505069157     
 		  0.32938389969666915       0.29563565196662822       0.32951489046000004     
 		  0.65916168887413518       0.21377487850201832       0.33010725730086882     
 		  0.98973342486571136       0.12432050192893596       0.33110487771812613     
 		   1.3215117856392311        5.7992746631628726E-002  0.33252376932547956     
 		   1.6549291191547923        2.1617644433765671E-002  0.33438741388278032     
 		   1.9904454586466385        6.4070706562040199E-003  0.33672793656737354     
 		   2.3285579714531894        1.5001278829297584E-003  0.33958781935791327     
 		   2.6698124652513462        2.7524242709952928E-004  0.34302234233428697     
 		   3.0148178197492257        3.9183295448818711E-005  0.34710305584447693     
 		   3.3642645958565400        4.2754558863972765E-006  0.35192276318363536     
 		   3.7189496893415632        3.5225192415065115E-007  0.35760279065385908     
 		   4.0798099079253936        2.1512839074194445E-008  0.36430384191706677     
 		   4.4479690736019313        9.5182669412336978E-010  0.37224268366193353     
 		   4.8248063087032582        2.9642049893157424E-011  0.38171873335281520     
 		   5.2120588631620084        6.2620383158353482E-013  0.39315832950517660     
 		   5.6119841218396651        8.5500874663702701E-015  0.40719255461837484     
 		   6.0276294722536949        7.0674619157542496E-017  0.42480369784209721     
 		   6.4633149436642539        3.2248298707326249E-019  0.44762631618297893     
 		   6.9255820732775950        7.0737246502696797E-022  0.47864416589469228     
 		   7.4253266258561954        5.9481747159232613E-025  0.52410280448370161     
 		   7.9836998162220034        1.2494829120559741E-028  0.60038146372062939     
 		   8.6561523259903286        2.2308126620263273E-033  0.77571582052343035     
