 		  -4.4999907073093910        1.5224758042535009E-009  0.94836897082759108     
 		  -3.6699503734044527        1.0591155477110650E-006  0.74860736601690669     
 		  -2.9671669279056032        1.0000444123249984E-004  0.66616600510904367     
 		  -2.3257324861738575        2.7780688429127772E-003  0.62066260352703673     
 		  -1.7199925751864888        3.0780033872546100E-002  0.59302744976420985     
 		  -1.1361155852109208       0.15848891579593580       0.57619335028349994     
 		 -0.56506958325557577       0.41202868749889859       0.56702115344660386     
 		  -1.2325951644078309E-032  0.56410030872641737       0.56410030872641737     
 		  0.56506958325557577       0.41202868749889859       0.56702115344660386     
 		   1.1361155852109208       0.15848891579593580       0.57619335028349994     
 		   1.7199925751864888        3.0780033872546100E-002  0.59302744976420985     
 		   2.3257324861738575        2.7780688429127772E-003  0.62066260352703673     
 		   2.9671669279056032        1.0000444123249984E-004  0.66616600510904367     
 		   3.6699503734044527        1.0591155477110650E-006  0.74860736601690669     
 		   4.4999907073093910        1.5224758042535009E-009  0.94836897082759108     
