 		  -8.0987611392508505        2.5910437138470543E-029  0.79217343042479493     
 		  -7.4115825314854691        8.5440569637754144E-025  0.61395370387893267     
 		  -6.8402373052493548        2.5675933654112568E-021  0.53661653114470298     
 		  -6.3282553512200819        1.9891810121165043E-018  0.49066538457582798     
 		  -5.8540950560303999        6.0083587894908213E-016  0.45942437510794254     
 		  -5.4066542479701276        8.8057076452161113E-014  0.43653748218944111     
 		  -4.9792609785452555        7.1565280526902305E-012  0.41896987084316617     
 		  -4.5675020728443947        3.5256207913654073E-010  0.40506034915451505     
 		  -4.1682570668325001        1.1212360832275830E-008  0.39381184036589667     
 		  -3.7792067534352234        2.4111441636705209E-007  0.38458495152352329     
 		  -3.3985582658596285        3.6315761506930209E-006  0.37694894836165038     
 		  -3.0248798839012845        3.9369339810924904E-005  0.37060261465754341     
 		  -2.6569959984428957        3.1385359454132579E-004  0.36532927657490333     
 		  -2.2939171418750837        1.8714968295979453E-003  0.36096983962805013     
 		  -1.9347914722822956        8.4608880082581248E-003  0.35740592292324586     
 		  -1.5788698949316140        2.9312565536172383E-002  0.35454895313982926     
 		  -1.2254801090462890        7.8474605865404404E-002  0.35233293898764523     
 		 -0.87400661235708799       0.16337873271327141       0.35070961650094057     
 		 -0.52387471383227724       0.26572825187737686       0.34964518840941278     
 		 -0.17453721459758240       0.33864327742558831       0.34911818842117198     
 		  0.17453721459758240       0.33864327742558831       0.34911818842117198     
 		  0.52387471383227724       0.26572825187737686       0.34964518840941278     
 		  0.87400661235708799       0.16337873271327141       0.35070961650094057     
 		   1.2254801090462890        7.8474605865404404E-002  0.35233293898764523     
 		   1.5788698949316140        2.9312565536172383E-002  0.35454895313982926     
 		   1.9347914722822956        8.4608880082581248E-003  0.35740592292324586     
 		   2.2939171418750837        1.8714968295979453E-003  0.36096983962805013     
 		   2.6569959984428957        3.1385359454132579E-004  0.36532927657490333     
 		   3.0248798839012845        3.9369339810924904E-005  0.37060261465754341     
 		   3.3985582658596285        3.6315761506930209E-006  0.37694894836165038     
 		   3.7792067534352234        2.4111441636705209E-007  0.38458495152352329     
 		   4.1682570668325001        1.1212360832275830E-008  0.39381184036589667     
 		   4.5675020728443947        3.5256207913654073E-010  0.40506034915451505     
 		   4.9792609785452555        7.1565280526902305E-012  0.41896987084316617     
 		   5.4066542479701276        8.8057076452161113E-014  0.43653748218944111     
 		   5.8540950560303999        6.0083587894908213E-016  0.45942437510794254     
 		   6.3282553512200819        1.9891810121165043E-018  0.49066538457582798     
 		   6.8402373052493548        2.5675933654112568E-021  0.53661653114470298     
 		   7.4115825314854691        8.5440569637754144E-025  0.61395370387893267     
 		   8.0987611392508505        2.5910437138470543E-029  0.79217343042479493     
