 		  -9.1824069581293166        1.8337940485734819E-037  0.76134869111809034     
 		  -8.5227710309178040        1.6738016679075959E-032  0.58860529737721656     
 		  -7.9756223682056362        1.2152441234044783E-028  0.51330479785152683     
 		  -7.4864094298641941        2.1376583083600956E-025  0.46832621194254831     
 		  -7.0343235097706112        1.4170935995734157E-022  0.43755328230005636     
 		  -6.6086479738553594        4.4709843654078680E-020  0.41483882105902314     
 		  -6.2029525192746719        7.7423829570429957E-018  0.39724494377582642     
 		  -5.8129946754204065        8.0942618934650981E-016  0.38316139219647966     
 		  -5.4357860872249484        5.4659440318155533E-014  0.37161977124991386     
 		  -5.0691175849172350        2.5066555238996777E-012  0.36199726509161706     
 		  -4.7112936661690430        8.1118773649301777E-011  0.35387246997946015     
 		  -4.3609731604545789        1.9090405438118871E-009  0.34694876959937704     
 		  -4.0170681728581341        3.3467934040214475E-008  0.34101072725874831     
 		  -3.6786770625152694        4.4570299668171799E-007  0.33589787683763633     
 		  -3.3450383139378910        4.5816827079554529E-006  0.33148825424751616     
 		  -3.0154977695745222        3.6840190537807123E-005  0.32768766135460520     
 		  -2.6894847022677451        2.3426989210925561E-004  0.32442244870886655     
 		  -2.3664939042986637        1.1890117817496468E-003  0.32163453796205621     
 		  -2.0460719686864093        4.8532638261719468E-003  0.31927791599318078     
 		  -1.7278065475158986        1.6031941068412173E-002  0.31731612434960416     
 		  -1.4113177548983000        4.3079159156765592E-002  0.31572044023009405     
 		  -1.0962511289576817        9.4548935477086163E-002  0.31446855088247178     
 		 -0.78227172955460689       0.17003245567716421       0.31354358998964194     
 		 -0.46905905667823611       0.25113085633200216       0.31293344805238954     
 		 -0.15630254688946868       0.30508512920439873       0.31263029803035908     
 		  0.15630254688946868       0.30508512920439873       0.31263029803035908     
 		  0.46905905667823611       0.25113085633200216       0.31293344805238954     
 		  0.78227172955460689       0.17003245567716421       0.31354358998964194     
 		   1.0962511289576817        9.4548935477086163E-002  0.31446855088247178     
 		   1.4113177548983000        4.3079159156765592E-002  0.31572044023009405     
 		   1.7278065475158986        1.6031941068412173E-002  0.31731612434960416     
 		   2.0460719686864093        4.8532638261719468E-003  0.31927791599318078     
 		   2.3664939042986637        1.1890117817496468E-003  0.32163453796205621     
 		   2.6894847022677451        2.3426989210925561E-004  0.32442244870886655     
 		   3.0154977695745222        3.6840190537807123E-005  0.32768766135460520     
 		   3.3450383139378910        4.5816827079554529E-006  0.33148825424751616     
 		   3.6786770625152694        4.4570299668171799E-007  0.33589787683763633     
 		   4.0170681728581341        3.3467934040214475E-008  0.34101072725874831     
 		   4.3609731604545789        1.9090405438118871E-009  0.34694876959937704     
 		   4.7112936661690430        8.1118773649301777E-011  0.35387246997946015     
 		   5.0691175849172350        2.5066555238996777E-012  0.36199726509161706     
 		   5.4357860872249484        5.4659440318155533E-014  0.37161977124991386     
 		   5.8129946754204065        8.0942618934650981E-016  0.38316139219647966     
 		   6.2029525192746719        7.7423829570429957E-018  0.39724494377582642     
 		   6.6086479738553594        4.4709843654078680E-020  0.41483882105902314     
 		   7.0343235097706112        1.4170935995734157E-022  0.43755328230005636     
 		   7.4864094298641941        2.1376583083600956E-025  0.46832621194254831     
 		   7.9756223682056362        1.2152441234044783E-028  0.51330479785152683     
 		   8.5227710309178040        1.6738016679075959E-032  0.58860529737721656     
 		   9.1824069581293166        1.8337940485734819E-037  0.76134869111809034     
