 		  -6.1642724340524522        2.7119235140383797E-017  0.86240198873102081     
 		  -5.4136363552800342        1.2588149877465357E-013  0.67302229022205340     
 		  -4.7853203673522238        6.7196384177062331E-011  0.59208169308650549     
 		  -4.2186094443865612        1.0170382503018459E-008  0.54491777219439841     
 		  -3.6902828769983560        6.2570324996910938E-007  0.51365578977456350     
 		  -3.1882949244251044        1.8915972957340449E-005  0.49150688188758324     
 		  -2.7053202371730261        3.1508363874548426E-004  0.47524973800218928     
 		  -2.2364201302672808        3.1157087201256349E-003  0.46314104657499533     
 		  -1.7780011243371474        1.9243098965408899E-002  0.45415588552761726     
 		  -1.3272807020730839        7.6888995175808661E-002  0.44766125658739814     
 		 -0.88198275621382127       0.20362113667812401       0.44325918925185104     
 		 -0.44014729864530833       0.36308898927589017       0.44070582891205667     
 		   0.0000000000000000       0.43986872216948464       0.43986872216948464     
 		  0.44014729864530833       0.36308898927589017       0.44070582891205667     
 		  0.88198275621382127       0.20362113667812401       0.44325918925185104     
 		   1.3272807020730839        7.6888995175808661E-002  0.44766125658739814     
 		   1.7780011243371474        1.9243098965408899E-002  0.45415588552761726     
 		   2.2364201302672808        3.1157087201256349E-003  0.46314104657499533     
 		   2.7053202371730261        3.1508363874548426E-004  0.47524973800218928     
 		   3.1882949244251044        1.8915972957340449E-005  0.49150688188758324     
 		   3.6902828769983560        6.2570324996910938E-007  0.51365578977456350     
 		   4.2186094443865612        1.0170382503018459E-008  0.54491777219439841     
 		   4.7853203673522238        6.7196384177062331E-011  0.59208169308650549     
 		   5.4136363552800342        1.2588149877465357E-013  0.67302229022205340     
 		   6.1642724340524522        2.7119235140383797E-017  0.86240198873102081     
