 		  -3.4361591188377378        7.6404328552326461E-006   1.0254516913657423     
 		  -2.5327316742327897        1.3436457467812333E-003  0.82066612640481673     
 		  -1.7566836492998819        3.3874394455481044E-002  0.74144193194356467     
 		  -1.0366108297895136       0.24013861108231341       0.70329632310490231     
 		 -0.34290132722370459       0.61086263373532512       0.68708185395127264     
 		  0.34290132722370459       0.61086263373532512       0.68708185395127264     
 		   1.0366108297895136       0.24013861108231341       0.70329632310490231     
 		   1.7566836492998819        3.3874394455481044E-002  0.74144193194356467     
 		   2.5327316742327897        1.3436457467812333E-003  0.82066612640481673     
 		   3.4361591188377378        7.6404328552326461E-006   1.0254516913657423     
