 		  -6.8633452935298918        2.9082547001311962E-021  0.83424747101275265     
 		  -6.1382792201239349        2.8103336027508666E-017  0.64909798155425857     
 		  -5.5331471515674959        2.8786070805486891E-014  0.56940269194963911     
 		  -4.9889189685899442        8.1061862974629778E-012  0.52252568933135257     
 		  -4.4830553570925185        9.1785804243784915E-010  0.49105799583288195     
 		  -4.0039086038612286        5.1085224507758866E-008  0.46837481256472235     
 		  -3.5444438731553500        1.5790948873247055E-006  0.45132103599118806     
 		  -3.0999705295864417        2.9387252289229918E-005  0.43817702265268449     
 		  -2.6671321245356174        3.4831012431868485E-004  0.42791806293274343     
 		  -2.2433914677615041        2.7379224730676552E-003  0.41989500373682354     
 		  -1.8267411436036880        1.4703829704826598E-002  0.41367936361113650     
 		  -1.4155278001981886        5.5144176870234235E-002  0.40898157500353161     
 		  -1.0083382710467235       0.14673584754088995       0.40560512332568405     
 		 -0.60392105862555234       0.28013093083921276       0.40341981692480416     
 		 -0.20112857654887151       0.38639488954181395       0.40234606670190298     
 		  0.20112857654887151       0.38639488954181395       0.40234606670190298     
 		  0.60392105862555234       0.28013093083921276       0.40341981692480416     
 		   1.0083382710467235       0.14673584754088995       0.40560512332568405     
 		   1.4155278001981886        5.5144176870234235E-002  0.40898157500353161     
 		   1.8267411436036880        1.4703829704826598E-002  0.41367936361113650     
 		   2.2433914677615041        2.7379224730676552E-003  0.41989500373682354     
 		   2.6671321245356174        3.4831012431868485E-004  0.42791806293274343     
 		   3.0999705295864417        2.9387252289229918E-005  0.43817702265268449     
 		   3.5444438731553500        1.5790948873247055E-006  0.45132103599118806     
 		   4.0039086038612286        5.1085224507758866E-008  0.46837481256472235     
 		   4.4830553570925185        9.1785804243784915E-010  0.49105799583288195     
 		   4.9889189685899442        8.1061862974629778E-012  0.52252568933135257     
 		   5.5331471515674959        2.8786070805486891E-014  0.56940269194963911     
 		   6.1382792201239349        2.8103336027508666E-017  0.64909798155425857     
 		   6.8633452935298918        2.9082547001311962E-021  0.83424747101275265     
