 		  -7.5040211464489364        2.8441134657253219E-025  0.81136071084102945     
 		  -6.7996094132841298        5.2456527291745566E-021  0.62989691645498191     
 		  -6.2129737476337166        9.4898848794728530E-018  0.55141785302979429     
 		  -5.6864689480904413        4.5704441904182385E-015  0.50497977495490798     
 		  -5.1980993461977532        8.7225260125370221E-013  0.47356764273573265     
 		  -4.7365184774132105        8.1406956866769328E-011  0.45070011483117428     
 		  -4.2948958144927634        4.2239761300093848E-009  0.43328529664114962     
 		  -3.8687007309691546        1.3269405173066791E-007  0.41963316091775632     
 		  -3.4547164957519909        2.6798156546135216E-006  0.40873163584413302     
 		  -3.0505384204304469        3.6352769174157486E-005  0.39993408957771975     
 		  -2.6542927811971722        3.4234009319960689E-004  0.39280745555744756     
 		  -2.2644675010425686        2.2950283295840668E-003  0.38705169029319808     
 		  -1.8798039887309170        1.1166806590265728E-002  0.38245412697778319     
 		  -1.4992244886117301        4.0024775133100335E-002  0.37886225962583742     
 		  -1.1217809907203027       0.10687290695546256       0.37616690236323497     
 		 -0.74661763987986696       0.21434719059607363       0.37429153028863632     
 		 -0.37294171704961682       0.32472872157456928       0.37318551499580133     
 		  -2.9387358770557188E-039  0.37281997319072474       0.37281997319072474     
 		  0.37294171704961682       0.32472872157456928       0.37318551499580133     
 		  0.74661763987986696       0.21434719059607363       0.37429153028863632     
 		   1.1217809907203027       0.10687290695546256       0.37616690236323497     
 		   1.4992244886117301        4.0024775133100335E-002  0.37886225962583742     
 		   1.8798039887309170        1.1166806590265728E-002  0.38245412697778319     
 		   2.2644675010425686        2.2950283295840668E-003  0.38705169029319808     
 		   2.6542927811971722        3.4234009319960689E-004  0.39280745555744756     
 		   3.0505384204304469        3.6352769174157486E-005  0.39993408957771975     
 		   3.4547164957519909        2.6798156546135216E-006  0.40873163584413302     
 		   3.8687007309691546        1.3269405173066791E-007  0.41963316091775632     
 		   4.2948958144927634        4.2239761300093848E-009  0.43328529664114962     
 		   4.7365184774132105        8.1406956866769328E-011  0.45070011483117428     
 		   5.1980993461977532        8.7225260125370221E-013  0.47356764273573265     
 		   5.6864689480904413        4.5704441904182385E-015  0.50497977495490798     
 		   6.2129737476337166        9.4898848794728530E-018  0.55141785302979429     
 		   6.7996094132841298        5.2456527291745566E-021  0.62989691645498191     
 		   7.5040211464489364        2.8441134657253219E-025  0.81136071084102945     
