 		  -5.3874808900112328        2.2293936455341523E-013  0.89859196145318987     
 		  -4.6036824495507442        4.3993409922731799E-010  0.70433296117694089     
 		  -3.9447640401156252        1.0860693707692815E-007  0.62227869619141241     
 		  -3.3478545673832163        7.8025564785320666E-006  0.57526244285250361     
 		  -2.7888060584281305        2.2833863601635264E-004  0.54485174236451694     
 		  -2.2549740020892757        3.2437733422378528E-003  0.52408035094855665     
 		  -1.7385377121165861        2.4810520887463626E-002  0.50967902711745827     
 		  -1.2340762153953231       0.10901720602002152       0.49992087133628232     
 		 -0.73747372854539428       0.28667550536283404       0.49384338527205274     
 		 -0.24534070830090124       0.46224366960061009       0.49092150066674584     
 		  0.24534070830090124       0.46224366960061009       0.49092150066674584     
 		  0.73747372854539428       0.28667550536283404       0.49384338527205274     
 		   1.2340762153953231       0.10901720602002152       0.49992087133628232     
 		   1.7385377121165861        2.4810520887463626E-002  0.50967902711745827     
 		   2.2549740020892757        3.2437733422378528E-003  0.52408035094855665     
 		   2.7888060584281305        2.2833863601635264E-004  0.54485174236451694     
 		   3.3478545673832163        7.8025564785320666E-006  0.57526244285250361     
 		   3.9447640401156252        1.0860693707692815E-007  0.62227869619141241     
 		   4.6036824495507442        4.3993409922731799E-010  0.70433296117694089     
 		   5.3874808900112328        2.2293936455341523E-013  0.89859196145318987     
